; feature outer perimeter layer 516
137.261 , 135.761
140.406 , 135.166
141.921 , 134.858
142.223 , 134.820
142.440 , 134.829
142.591 , 134.855
142.805 , 134.923
142.936 , 134.986
143.070 , 135.072
143.155 , 135.147
143.279 , 135.307
143.328 , 135.422
143.353 , 135.581
143.344 , 135.651
143.271 , 135.808
143.097 , 136.040
142.835 , 136.316
142.624 , 136.485
142.354 , 136.656
142.028 , 136.828
141.882 , 136.895
141.527 , 137.022
140.498 , 137.298
138.755 , 137.850
137.892 , 138.085
137.136 , 138.261
136.275 , 138.402
135.565 , 138.492
134.692 , 138.595
133.992 , 138.645
131.423 , 138.718
129.154 , 138.689
127.277 , 138.742
124.337 , 138.865
122.785 , 138.874
122.629 , 138.895
122.448 , 138.951
122.083 , 139.112
121.856 , 139.193
121.390 , 139.308
121.270 , 139.376
121.115 , 139.521
120.493 , 140.423
119.791 , 141.561
119.536 , 141.901
119.080 , 142.433
117.946 , 143.651
117.455 , 144.141
116.673 , 144.851
115.856 , 145.516
114.966 , 146.173
114.297 , 146.627
113.623 , 147.042
112.799 , 147.479
112.037 , 147.825
111.272 , 148.136
110.731 , 148.337
110.020 , 148.575
109.025 , 148.848
108.241 , 149.024
107.216 , 149.214
106.636 , 149.292
106.073 , 149.345
105.268 , 149.376
104.368 , 149.368
103.527 , 149.328
103.000 , 149.275
102.147 , 149.129
100.892 , 148.828
99.882 , 148.550
98.991 , 148.260
98.670 , 148.133
98.207 , 147.906
97.855 , 147.688
97.199 , 147.200
96.923 , 147.019
96.582 , 146.849
96.143 , 146.675
95.836 , 146.628
95.688 , 146.645
95.252 , 146.799
94.579 , 146.941
94.422 , 147.000
94.228 , 147.105
93.736 , 147.447
92.797 , 148.008
91.639 , 148.752
90.741 , 149.298
90.013 , 149.774
89.076 , 150.435
88.102 , 151.085
87.266 , 151.688
84.904 , 153.502
84.180 , 154.008
83.419 , 154.476
82.314 , 155.119
80.325 , 156.177
79.491 , 156.589
78.790 , 156.904
78.294 , 157.105
77.669 , 157.325
77.261 , 157.441
77.004 , 157.502
76.576 , 157.575
75.152 , 157.709
74.920 , 157.698
74.762 , 157.671
74.636 , 157.616
74.620 , 157.604
74.564 , 157.536
74.496 , 157.391
74.474 , 157.304
74.458 , 157.154
74.461 , 157.063
74.481 , 156.986
74.570 , 156.785
74.628 , 156.704
74.814 , 156.520
75.017 , 156.395
75.299 , 156.272
76.162 , 155.937
76.602 , 155.727
78.141 , 154.921
79.276 , 154.283
80.196 , 153.745
81.030 , 153.231
83.051 , 151.901
84.356 , 150.983
85.214 , 150.320
85.937 , 149.708
86.260 , 149.401
86.600 , 149.036
86.976 , 148.570
87.305 , 148.095
87.838 , 147.211
88.297 , 146.397
88.602 , 145.749
88.761 , 145.284
88.847 , 144.764
88.840 , 144.468
88.771 , 144.040
88.746 , 143.781
88.755 , 143.382
89.023 , 141.420
89.089 , 141.119
89.163 , 140.892
89.296 , 140.606
89.391 , 140.456
89.600 , 140.201
89.677 , 140.082
89.886 , 139.683
90.068 , 139.382
90.160 , 139.188
90.501 , 138.718
90.540 , 138.543
90.518 , 138.318
90.380 , 137.942
90.336 , 137.769
90.170 , 136.873
90.069 , 136.455
89.762 , 135.371
89.446 , 134.344
89.130 , 133.083
88.864 , 132.142
88.677 , 131.071
88.589 , 130.299
88.582 , 129.915
88.595 , 129.693
88.654 , 129.360
88.711 , 129.200
88.782 , 129.055
88.928 , 128.824
89.114 , 128.583
89.242 , 128.359
89.265 , 128.139
89.205 , 127.726
89.209 , 127.687
89.260 , 127.542
89.320 , 127.429
89.451 , 127.262
89.531 , 127.121
89.570 , 126.897
89.555 , 126.748
89.563 , 126.536
89.591 , 126.427
89.610 , 126.401
89.683 , 126.339
89.898 , 126.220
90.081 , 126.052
90.173 , 125.451
90.297 , 124.964
90.375 , 124.732
90.570 , 124.269
90.775 , 123.887
90.942 , 123.623
91.243 , 123.222
91.462 , 122.977
91.758 , 122.687
92.143 , 122.373
92.557 , 122.101
92.995 , 121.870
93.374 , 121.713
93.685 , 121.608
94.166 , 121.489
94.550 , 121.430
94.897 , 121.400
95.390 , 121.400
95.812 , 121.440
96.119 , 121.490
96.600 , 121.609
96.828 , 121.683
97.649 , 122.029
97.656 , 121.566
97.731 , 121.396
97.820 , 121.254
98.025 , 121.064
98.082 , 120.843
98.076 , 120.744
98.095 , 120.637
98.108 , 120.605
98.160 , 120.524
98.209 , 120.484
98.229 , 120.476
98.435 , 120.418
98.656 , 120.377
98.718 , 120.348
98.959 , 120.323
99.147 , 120.253
99.413 , 120.004
99.458 , 119.860
99.485 , 119.433
99.405 , 119.114
99.202 , 118.685
99.149 , 118.532
99.149 , 118.406
99.171 , 118.311
99.242 , 118.157
99.424 , 117.938
99.535 , 117.734
99.612 , 117.509
99.671 , 117.385
99.768 , 117.247
99.868 , 117.159
99.964 , 117.104
100.104 , 117.035
100.412 , 116.936
100.619 , 116.881
100.779 , 116.864
100.896 , 116.870
101.013 , 116.898
101.175 , 116.978
101.459 , 117.187
101.670 , 117.264
101.883 , 117.304
102.010 , 117.345
102.103 , 117.379
102.181 , 117.427
102.287 , 117.553
102.360 , 117.733
102.379 , 117.846
102.405 , 118.210
102.463 , 118.473
102.801 , 118.753
103.171 , 118.773
103.437 , 118.734
103.713 , 118.754
103.825 , 118.793
104.133 , 118.949
104.494 , 118.932
104.547 , 118.941
104.594 , 118.968
104.625 , 119.014
104.783 , 119.116
105.253 , 119.303
105.569 , 119.495
105.938 , 118.969
106.086 , 118.785
106.417 , 118.434
106.778 , 118.119
107.167 , 117.842
107.581 , 117.604
107.908 , 117.452
108.235 , 117.325
108.691 , 117.193
109.098 , 117.115
109.390 , 117.078
109.622 , 117.062
110.098 , 117.065
110.328 , 117.082
110.798 , 117.153
111.023 , 117.203
111.475 , 117.339
112.081 , 117.593
112.240 , 117.534
112.445 , 117.502
112.772 , 117.523
112.954 , 117.564
113.193 , 117.660
113.372 , 117.779
113.729 , 118.053
113.971 , 118.268
114.144 , 118.348
114.466 , 118.421
114.678 , 118.491
114.907 , 118.600
115.073 , 118.710
115.302 , 118.895
115.800 , 119.370
116.004 , 119.543
116.881 , 120.083
117.030 , 120.203
117.265 , 120.438
117.501 , 120.736
117.617 , 120.925
117.888 , 121.417
118.106 , 121.852
118.356 , 122.423
118.641 , 123.145
120.518 , 128.858
120.651 , 129.143
121.058 , 129.682
121.203 , 129.897
121.341 , 130.143
121.418 , 130.337
121.452 , 130.464
121.469 , 130.601
121.465 , 130.759
121.438 , 130.918
121.315 , 131.308
121.293 , 131.561
121.327 , 131.802
121.403 , 132.024
121.573 , 132.275
122.051 , 132.779
122.371 , 133.081
122.634 , 133.282
122.935 , 133.481
123.242 , 133.658
124.176 , 134.113
124.627 , 134.277
125.811 , 134.648
126.187 , 134.796
127.186 , 135.240
127.560 , 135.390
128.794 , 135.834
129.165 , 135.944
129.754 , 136.079
130.359 , 136.171
130.745 , 136.208
131.785 , 136.251
133.008 , 136.233
134.267 , 136.143
135.732 , 135.984
